plugin.started%5B%5D=1484143915598%3APydev_2.6.0.2012062818
plugin.started%5B%5D=1484302296709%3APydev_2.6.0.2012062818
plugin.started%5B%5D=1484663905868%3APydev_2.6.0.2012062818
